Solid
0.0000,4.1250,0.9100
0.2500,4.1250,0.9100
0.0000,4.2500,0.9100
0.0000,4.1250,0.9750
0.2500,4.2500,0.9100
0.2500,4.1250,0.9750
0.0000,4.2500,0.9750
0.2500,4.2500,0.9750
Solid
0.0000,0.0000,0.0000
0.2500,0.0000,0.0000
0.0000,0.1250,0.0000
0.0000,0.0000,0.0650
0.2500,0.1250,0.0000
0.2500,0.0000,0.0650
0.0000,0.1250,0.0650
0.2500,0.1250,0.0650
Solid
0.0000,0.0000,0.3250
0.1250,0.0000,0.3250
0.0000,0.1875,0.3250
0.0000,0.0000,0.3900
0.1250,0.1875,0.3250
0.1250,0.0000,0.3900
0.0000,0.1875,0.3900
0.1250,0.1875,0.3900
Solid
0.0000,0.0000,0.4550
0.1250,0.0000,0.4550
0.0000,0.1875,0.4550
0.0000,0.0000,0.5200
0.1250,0.1875,0.4550
0.1250,0.0000,0.5200
0.0000,0.1875,0.5200
0.1250,0.1875,0.5200
Solid
0.0000,0.1250,1.1700
0.2500,0.1250,1.1700
0.0000,0.2500,1.1700
0.0000,0.1250,1.2350
0.2500,0.2500,1.1700
0.2500,0.1250,1.2350
0.0000,0.2500,1.2350
0.2500,0.2500,1.2350
Solid
0.0000,4.1250,0.7800
0.2500,4.1250,0.7800
0.0000,4.2500,0.7800
0.0000,4.1250,0.8450
0.2500,4.2500,0.7800
0.2500,4.1250,0.8450
0.0000,4.2500,0.8450
0.2500,4.2500,0.8450
Solid
0.1250,0.0000,0.3250
0.2500,0.0000,0.3250
0.1250,0.1875,0.3250
0.1250,0.0000,0.3900
0.2500,0.1875,0.3250
0.2500,0.0000,0.3900
0.1250,0.1875,0.3900
0.2500,0.1875,0.3900
Solid
0.0000,4.1875,0.4550
0.1250,4.1875,0.4550
0.0000,4.3750,0.4550
0.0000,4.1875,0.5200
0.1250,4.3750,0.4550
0.1250,4.1875,0.5200
0.0000,4.3750,0.5200
0.1250,4.3750,0.5200
Solid
0.0000,4.1875,0.3250
0.1250,4.1875,0.3250
0.0000,4.3750,0.3250
0.0000,4.1875,0.3900
0.1250,4.3750,0.3250
0.1250,4.1875,0.3900
0.0000,4.3750,0.3900
0.1250,4.3750,0.3900
Solid
0.0000,4.2500,0.3900
0.2500,4.2500,0.3900
0.0000,4.3750,0.3900
0.0000,4.2500,0.4550
0.2500,4.3750,0.3900
0.2500,4.2500,0.4550
0.0000,4.3750,0.4550
0.2500,4.3750,0.4550
Solid
0.0000,4.2500,0.5200
0.2500,4.2500,0.5200
0.0000,4.3750,0.5200
0.0000,4.2500,0.5850
0.2500,4.3750,0.5200
0.2500,4.2500,0.5850
0.0000,4.3750,0.5850
0.2500,4.3750,0.5850
Solid
0.0000,4.1250,0.3900
0.2500,4.1250,0.3900
0.0000,4.2500,0.3900
0.0000,4.1250,0.4550
0.2500,4.2500,0.3900
0.2500,4.1250,0.4550
0.0000,4.2500,0.4550
0.2500,4.2500,0.4550
Solid
0.0000,4.1875,0.8450
0.1250,4.1875,0.8450
0.0000,4.3750,0.8450
0.0000,4.1875,0.9100
0.1250,4.3750,0.8450
0.1250,4.1875,0.9100
0.0000,4.3750,0.9100
0.1250,4.3750,0.9100
Solid
0.0000,0.0000,0.9750
0.1250,0.0000,0.9750
0.0000,0.1875,0.9750
0.0000,0.0000,1.0400
0.1250,0.1875,0.9750
0.1250,0.0000,1.0400
0.0000,0.1875,1.0400
0.1250,0.1875,1.0400
Solid
0.1250,4.1875,0.4550
0.2500,4.1875,0.4550
0.1250,4.3750,0.4550
0.1250,4.1875,0.5200
0.2500,4.3750,0.4550
0.2500,4.1875,0.5200
0.1250,4.3750,0.5200
0.2500,4.3750,0.5200
Solid
0.1250,0.0000,1.4950
0.2500,0.0000,1.4950
0.1250,0.1875,1.4950
0.1250,0.0000,1.5600
0.2500,0.1875,1.4950
0.2500,0.0000,1.5600
0.1250,0.1875,1.5600
0.2500,0.1875,1.5600
Solid
0.0000,4.2500,0.0000
0.2500,4.2500,0.0000
0.0000,4.3750,0.0000
0.0000,4.2500,0.0650
0.2500,4.3750,0.0000
0.2500,4.2500,0.0650
0.0000,4.3750,0.0650
0.2500,4.3750,0.0650
Solid
0.0000,0.0000,0.5200
0.2500,0.0000,0.5200
0.0000,0.1250,0.5200
0.0000,0.0000,0.5850
0.2500,0.1250,0.5200
0.2500,0.0000,0.5850
0.0000,0.1250,0.5850
0.2500,0.1250,0.5850
Solid
0.0000,0.1250,2.2100
0.2500,0.1250,2.2100
0.0000,0.2500,2.2100
0.0000,0.1250,2.2750
0.2500,0.2500,2.2100
0.2500,0.1250,2.2750
0.0000,0.2500,2.2750
0.2500,0.2500,2.2750
Solid
0.0000,0.1250,0.5200
0.2500,0.1250,0.5200
0.0000,0.2500,0.5200
0.0000,0.1250,0.5850
0.2500,0.2500,0.5200
0.2500,0.1250,0.5850
0.0000,0.2500,0.5850
0.2500,0.2500,0.5850
Solid
0.1250,4.1875,2.2750
0.2500,4.1875,2.2750
0.1250,4.3750,2.2750
0.1250,4.1875,2.3400
0.2500,4.3750,2.2750
0.2500,4.1875,2.3400
0.1250,4.3750,2.3400
0.2500,4.3750,2.3400
Solid
0.1250,0.0000,0.4550
0.2500,0.0000,0.4550
0.1250,0.1875,0.4550
0.1250,0.0000,0.5200
0.2500,0.1875,0.4550
0.2500,0.0000,0.5200
0.1250,0.1875,0.5200
0.2500,0.1875,0.5200
Solid
0.0000,0.0000,1.8850
0.1250,0.0000,1.8850
0.0000,0.1875,1.8850
0.0000,0.0000,1.9500
0.1250,0.1875,1.8850
0.1250,0.0000,1.9500
0.0000,0.1875,1.9500
0.1250,0.1875,1.9500
Solid
0.0000,0.1250,0.0000
0.2500,0.1250,0.0000
0.0000,0.2500,0.0000
0.0000,0.1250,0.0650
0.2500,0.2500,0.0000
0.2500,0.1250,0.0650
0.0000,0.2500,0.0650
0.2500,0.2500,0.0650
Solid
0.0000,4.1250,0.6500
0.2500,4.1250,0.6500
0.0000,4.2500,0.6500
0.0000,4.1250,0.7150
0.2500,4.2500,0.6500
0.2500,4.1250,0.7150
0.0000,4.2500,0.7150
0.2500,4.2500,0.7150
Solid
0.0000,0.0000,1.1700
0.2500,0.0000,1.1700
0.0000,0.1250,1.1700
0.0000,0.0000,1.2350
0.2500,0.1250,1.1700
0.2500,0.0000,1.2350
0.0000,0.1250,1.2350
0.2500,0.1250,1.2350
Solid
0.0000,4.2500,0.6500
0.2500,4.2500,0.6500
0.0000,4.3750,0.6500
0.0000,4.2500,0.7150
0.2500,4.3750,0.6500
0.2500,4.2500,0.7150
0.0000,4.3750,0.7150
0.2500,4.3750,0.7150
Solid
0.1250,4.1875,0.3250
0.2500,4.1875,0.3250
0.1250,4.3750,0.3250
0.1250,4.1875,0.3900
0.2500,4.3750,0.3250
0.2500,4.1875,0.3900
0.1250,4.3750,0.3900
0.2500,4.3750,0.3900
Solid
0.0000,4.1250,0.0000
0.2500,4.1250,0.0000
0.0000,4.2500,0.0000
0.0000,4.1250,0.0650
0.2500,4.2500,0.0000
0.2500,4.1250,0.0650
0.0000,4.2500,0.0650
0.2500,4.2500,0.0650
Solid
0.1250,0.0000,0.5850
0.2500,0.0000,0.5850
0.1250,0.1875,0.5850
0.1250,0.0000,0.6500
0.2500,0.1875,0.5850
0.2500,0.0000,0.6500
0.1250,0.1875,0.6500
0.2500,0.1875,0.6500
Solid
0.0000,0.0000,0.3900
0.2500,0.0000,0.3900
0.0000,0.1250,0.3900
0.0000,0.0000,0.4550
0.2500,0.1250,0.3900
0.2500,0.0000,0.4550
0.0000,0.1250,0.4550
0.2500,0.1250,0.4550
Solid
0.0000,0.1250,0.6500
0.2500,0.1250,0.6500
0.0000,0.2500,0.6500
0.0000,0.1250,0.7150
0.2500,0.2500,0.6500
0.2500,0.1250,0.7150
0.0000,0.2500,0.7150
0.2500,0.2500,0.7150
Solid
0.0000,0.1250,0.3900
0.2500,0.1250,0.3900
0.0000,0.2500,0.3900
0.0000,0.1250,0.4550
0.2500,0.2500,0.3900
0.2500,0.1250,0.4550
0.0000,0.2500,0.4550
0.2500,0.2500,0.4550
Solid
0.0000,4.2500,0.2600
0.2500,4.2500,0.2600
0.0000,4.3750,0.2600
0.0000,4.2500,0.3250
0.2500,4.3750,0.2600
0.2500,4.2500,0.3250
0.0000,4.3750,0.3250
0.2500,4.3750,0.3250
Solid
0.0000,0.0000,0.9100
0.2500,0.0000,0.9100
0.0000,0.1250,0.9100
0.0000,0.0000,0.9750
0.2500,0.1250,0.9100
0.2500,0.0000,0.9750
0.0000,0.1250,0.9750
0.2500,0.1250,0.9750
Solid
0.0000,0.0000,1.2350
0.1250,0.0000,1.2350
0.0000,0.1875,1.2350
0.0000,0.0000,1.3000
0.1250,0.1875,1.2350
0.1250,0.0000,1.3000
0.0000,0.1875,1.3000
0.1250,0.1875,1.3000
Solid
0.0000,4.1250,0.2600
0.2500,4.1250,0.2600
0.0000,4.2500,0.2600
0.0000,4.1250,0.3250
0.2500,4.2500,0.2600
0.2500,4.1250,0.3250
0.0000,4.2500,0.3250
0.2500,4.2500,0.3250
Solid
0.0000,0.0000,0.5850
0.1250,0.0000,0.5850
0.0000,0.1875,0.5850
0.0000,0.0000,0.6500
0.1250,0.1875,0.5850
0.1250,0.0000,0.6500
0.0000,0.1875,0.6500
0.1250,0.1875,0.6500
Solid
0.0000,4.1875,0.5850
0.1250,4.1875,0.5850
0.0000,4.3750,0.5850
0.0000,4.1875,0.6500
0.1250,4.3750,0.5850
0.1250,4.1875,0.6500
0.0000,4.3750,0.6500
0.1250,4.3750,0.6500
Solid
0.1250,4.1875,0.5850
0.2500,4.1875,0.5850
0.1250,4.3750,0.5850
0.1250,4.1875,0.6500
0.2500,4.3750,0.5850
0.2500,4.1875,0.6500
0.1250,4.3750,0.6500
0.2500,4.3750,0.6500
Solid
0.0000,0.0000,0.6500
0.2500,0.0000,0.6500
0.0000,0.1250,0.6500
0.0000,0.0000,0.7150
0.2500,0.1250,0.6500
0.2500,0.0000,0.7150
0.0000,0.1250,0.7150
0.2500,0.1250,0.7150
Solid
0.0000,4.1250,2.2100
0.2500,4.1250,2.2100
0.0000,4.2500,2.2100
0.0000,4.1250,2.2750
0.2500,4.2500,2.2100
0.2500,4.1250,2.2750
0.0000,4.2500,2.2750
0.2500,4.2500,2.2750
Solid
0.0000,4.1250,0.5200
0.2500,4.1250,0.5200
0.0000,4.2500,0.5200
0.0000,4.1250,0.5850
0.2500,4.2500,0.5200
0.2500,4.1250,0.5850
0.0000,4.2500,0.5850
0.2500,4.2500,0.5850
Solid
0.0000,4.2500,0.7800
0.2500,4.2500,0.7800
0.0000,4.3750,0.7800
0.0000,4.2500,0.8450
0.2500,4.3750,0.7800
0.2500,4.2500,0.8450
0.0000,4.3750,0.8450
0.2500,4.3750,0.8450
Solid
0.0000,4.1875,0.7150
0.1250,4.1875,0.7150
0.0000,4.3750,0.7150
0.0000,4.1875,0.7800
0.1250,4.3750,0.7150
0.1250,4.1875,0.7800
0.0000,4.3750,0.7800
0.1250,4.3750,0.7800
Solid
0.0000,0.0000,0.7150
0.1250,0.0000,0.7150
0.0000,0.1875,0.7150
0.0000,0.0000,0.7800
0.1250,0.1875,0.7150
0.1250,0.0000,0.7800
0.0000,0.1875,0.7800
0.1250,0.1875,0.7800
Solid
0.1250,0.0000,0.7150
0.2500,0.0000,0.7150
0.1250,0.1875,0.7150
0.1250,0.0000,0.7800
0.2500,0.1875,0.7150
0.2500,0.0000,0.7800
0.1250,0.1875,0.7800
0.2500,0.1875,0.7800
Solid
0.1250,4.1875,0.7150
0.2500,4.1875,0.7150
0.1250,4.3750,0.7150
0.1250,4.1875,0.7800
0.2500,4.3750,0.7150
0.2500,4.1875,0.7800
0.1250,4.3750,0.7800
0.2500,4.3750,0.7800
Solid
0.0000,0.1250,0.7800
0.2500,0.1250,0.7800
0.0000,0.2500,0.7800
0.0000,0.1250,0.8450
0.2500,0.2500,0.7800
0.2500,0.1250,0.8450
0.0000,0.2500,0.8450
0.2500,0.2500,0.8450
Solid
0.0000,4.1250,1.1700
0.2500,4.1250,1.1700
0.0000,4.2500,1.1700
0.0000,4.1250,1.2350
0.2500,4.2500,1.1700
0.2500,4.1250,1.2350
0.0000,4.2500,1.2350
0.2500,4.2500,1.2350
Solid
0.0000,0.0000,0.7800
0.2500,0.0000,0.7800
0.0000,0.1250,0.7800
0.0000,0.0000,0.8450
0.2500,0.1250,0.7800
0.2500,0.0000,0.8450
0.0000,0.1250,0.8450
0.2500,0.1250,0.8450
Solid
0.0000,4.1250,1.0400
0.2500,4.1250,1.0400
0.0000,4.2500,1.0400
0.0000,4.1250,1.1050
0.2500,4.2500,1.0400
0.2500,4.1250,1.1050
0.0000,4.2500,1.1050
0.2500,4.2500,1.1050
Solid
0.0000,0.0000,0.8450
0.1250,0.0000,0.8450
0.0000,0.1875,0.8450
0.0000,0.0000,0.9100
0.1250,0.1875,0.8450
0.1250,0.0000,0.9100
0.0000,0.1875,0.9100
0.1250,0.1875,0.9100
Solid
0.1250,4.1875,1.1050
0.2500,4.1875,1.1050
0.1250,4.3750,1.1050
0.1250,4.1875,1.1700
0.2500,4.3750,1.1050
0.2500,4.1875,1.1700
0.1250,4.3750,1.1700
0.2500,4.3750,1.1700
Solid
0.0000,0.1250,0.9100
0.2500,0.1250,0.9100
0.0000,0.2500,0.9100
0.0000,0.1250,0.9750
0.2500,0.2500,0.9100
0.2500,0.1250,0.9750
0.0000,0.2500,0.9750
0.2500,0.2500,0.9750
Solid
0.0000,4.2500,1.1700
0.2500,4.2500,1.1700
0.0000,4.3750,1.1700
0.0000,4.2500,1.2350
0.2500,4.3750,1.1700
0.2500,4.2500,1.2350
0.0000,4.3750,1.2350
0.2500,4.3750,1.2350
Solid
0.1250,0.0000,0.8450
0.2500,0.0000,0.8450
0.1250,0.1875,0.8450
0.1250,0.0000,0.9100
0.2500,0.1875,0.8450
0.2500,0.0000,0.9100
0.1250,0.1875,0.9100
0.2500,0.1875,0.9100
Solid
0.1250,4.1875,0.8450
0.2500,4.1875,0.8450
0.1250,4.3750,0.8450
0.1250,4.1875,0.9100
0.2500,4.3750,0.8450
0.2500,4.1875,0.9100
0.1250,4.3750,0.9100
0.2500,4.3750,0.9100
Solid
0.0000,0.0000,1.1050
0.1250,0.0000,1.1050
0.0000,0.1875,1.1050
0.0000,0.0000,1.1700
0.1250,0.1875,1.1050
0.1250,0.0000,1.1700
0.0000,0.1875,1.1700
0.1250,0.1875,1.1700
Solid
0.1250,4.1875,1.6250
0.2500,4.1875,1.6250
0.1250,4.3750,1.6250
0.1250,4.1875,1.6900
0.2500,4.3750,1.6250
0.2500,4.1875,1.6900
0.1250,4.3750,1.6900
0.2500,4.3750,1.6900
Solid
0.0000,4.2500,0.9100
0.2500,4.2500,0.9100
0.0000,4.3750,0.9100
0.0000,4.2500,0.9750
0.2500,4.3750,0.9100
0.2500,4.2500,0.9750
0.0000,4.3750,0.9750
0.2500,4.3750,0.9750
Solid
0.1250,0.0000,0.9750
0.2500,0.0000,0.9750
0.1250,0.1875,0.9750
0.1250,0.0000,1.0400
0.2500,0.1875,0.9750
0.2500,0.0000,1.0400
0.1250,0.1875,1.0400
0.2500,0.1875,1.0400
Solid
0.0000,0.1250,1.0400
0.2500,0.1250,1.0400
0.0000,0.2500,1.0400
0.0000,0.1250,1.1050
0.2500,0.2500,1.0400
0.2500,0.1250,1.1050
0.0000,0.2500,1.1050
0.2500,0.2500,1.1050
Solid
0.1250,4.1875,0.9750
0.2500,4.1875,0.9750
0.1250,4.3750,0.9750
0.1250,4.1875,1.0400
0.2500,4.3750,0.9750
0.2500,4.1875,1.0400
0.1250,4.3750,1.0400
0.2500,4.3750,1.0400
Solid
0.0000,4.1875,0.9750
0.1250,4.1875,0.9750
0.0000,4.3750,0.9750
0.0000,4.1875,1.0400
0.1250,4.3750,0.9750
0.1250,4.1875,1.0400
0.0000,4.3750,1.0400
0.1250,4.3750,1.0400
Solid
0.0000,0.0000,1.0400
0.2500,0.0000,1.0400
0.0000,0.1250,1.0400
0.0000,0.0000,1.1050
0.2500,0.1250,1.0400
0.2500,0.0000,1.1050
0.0000,0.1250,1.1050
0.2500,0.1250,1.1050
Solid
0.1250,0.0000,1.2350
0.2500,0.0000,1.2350
0.1250,0.1875,1.2350
0.1250,0.0000,1.3000
0.2500,0.1875,1.2350
0.2500,0.0000,1.3000
0.1250,0.1875,1.3000
0.2500,0.1875,1.3000
Solid
0.0000,4.2500,1.0400
0.2500,4.2500,1.0400
0.0000,4.3750,1.0400
0.0000,4.2500,1.1050
0.2500,4.3750,1.0400
0.2500,4.2500,1.1050
0.0000,4.3750,1.1050
0.2500,4.3750,1.1050
Solid
0.1250,0.0000,1.1050
0.2500,0.0000,1.1050
0.1250,0.1875,1.1050
0.1250,0.0000,1.1700
0.2500,0.1875,1.1050
0.2500,0.0000,1.1700
0.1250,0.1875,1.1700
0.2500,0.1875,1.1700
Solid
0.0000,4.1875,1.1050
0.1250,4.1875,1.1050
0.0000,4.3750,1.1050
0.0000,4.1875,1.1700
0.1250,4.3750,1.1050
0.1250,4.1875,1.1700
0.0000,4.3750,1.1700
0.1250,4.3750,1.1700
Solid
0.0000,4.1250,1.4300
0.2500,4.1250,1.4300
0.0000,4.2500,1.4300
0.0000,4.1250,1.4950
0.2500,4.2500,1.4300
0.2500,4.1250,1.4950
0.0000,4.2500,1.4950
0.2500,4.2500,1.4950
Solid
0.0000,4.2500,1.4300
0.2500,4.2500,1.4300
0.0000,4.3750,1.4300
0.0000,4.2500,1.4950
0.2500,4.3750,1.4300
0.2500,4.2500,1.4950
0.0000,4.3750,1.4950
0.2500,4.3750,1.4950
Solid
0.0000,0.0000,1.3000
0.2500,0.0000,1.3000
0.0000,0.1250,1.3000
0.0000,0.0000,1.3650
0.2500,0.1250,1.3000
0.2500,0.0000,1.3650
0.0000,0.1250,1.3650
0.2500,0.1250,1.3650
Solid
0.0000,4.1875,1.2350
0.1250,4.1875,1.2350
0.0000,4.3750,1.2350
0.0000,4.1875,1.3000
0.1250,4.3750,1.2350
0.1250,4.1875,1.3000
0.0000,4.3750,1.3000
0.1250,4.3750,1.3000
Solid
0.0000,4.1250,1.5600
0.2500,4.1250,1.5600
0.0000,4.2500,1.5600
0.0000,4.1250,1.6250
0.2500,4.2500,1.5600
0.2500,4.1250,1.6250
0.0000,4.2500,1.6250
0.2500,4.2500,1.6250
Solid
0.0000,0.1250,1.3000
0.2500,0.1250,1.3000
0.0000,0.2500,1.3000
0.0000,0.1250,1.3650
0.2500,0.2500,1.3000
0.2500,0.1250,1.3650
0.0000,0.2500,1.3650
0.2500,0.2500,1.3650
Solid
0.1250,4.1875,1.2350
0.2500,4.1875,1.2350
0.1250,4.3750,1.2350
0.1250,4.1875,1.3000
0.2500,4.3750,1.2350
0.2500,4.1875,1.3000
0.1250,4.3750,1.3000
0.2500,4.3750,1.3000
Solid
0.0000,4.2500,1.3000
0.2500,4.2500,1.3000
0.0000,4.3750,1.3000
0.0000,4.2500,1.3650
0.2500,4.3750,1.3000
0.2500,4.2500,1.3650
0.0000,4.3750,1.3650
0.2500,4.3750,1.3650
Solid
0.0000,4.1250,1.3000
0.2500,4.1250,1.3000
0.0000,4.2500,1.3000
0.0000,4.1250,1.3650
0.2500,4.2500,1.3000
0.2500,4.1250,1.3650
0.0000,4.2500,1.3650
0.2500,4.2500,1.3650
Solid
0.0000,0.0000,1.3650
0.1250,0.0000,1.3650
0.0000,0.1875,1.3650
0.0000,0.0000,1.4300
0.1250,0.1875,1.3650
0.1250,0.0000,1.4300
0.0000,0.1875,1.4300
0.1250,0.1875,1.4300
Solid
0.1250,0.0000,1.3650
0.2500,0.0000,1.3650
0.1250,0.1875,1.3650
0.1250,0.0000,1.4300
0.2500,0.1875,1.3650
0.2500,0.0000,1.4300
0.1250,0.1875,1.4300
0.2500,0.1875,1.4300
Solid
0.1250,4.1875,1.3650
0.2500,4.1875,1.3650
0.1250,4.3750,1.3650
0.1250,4.1875,1.4300
0.2500,4.3750,1.3650
0.2500,4.1875,1.4300
0.1250,4.3750,1.4300
0.2500,4.3750,1.4300
Solid
0.0000,4.1875,1.3650
0.1250,4.1875,1.3650
0.0000,4.3750,1.3650
0.0000,4.1875,1.4300
0.1250,4.3750,1.3650
0.1250,4.1875,1.4300
0.0000,4.3750,1.4300
0.1250,4.3750,1.4300
Solid
0.0000,0.0000,1.4300
0.2500,0.0000,1.4300
0.0000,0.1250,1.4300
0.0000,0.0000,1.4950
0.2500,0.1250,1.4300
0.2500,0.0000,1.4950
0.0000,0.1250,1.4950
0.2500,0.1250,1.4950
Solid
0.0000,0.1250,1.4300
0.2500,0.1250,1.4300
0.0000,0.2500,1.4300
0.0000,0.1250,1.4950
0.2500,0.2500,1.4300
0.2500,0.1250,1.4950
0.0000,0.2500,1.4950
0.2500,0.2500,1.4950
Solid
0.0000,0.0000,1.4950
0.1250,0.0000,1.4950
0.0000,0.1875,1.4950
0.0000,0.0000,1.5600
0.1250,0.1875,1.4950
0.1250,0.0000,1.5600
0.0000,0.1875,1.5600
0.1250,0.1875,1.5600
Solid
0.0000,4.1875,1.4950
0.1250,4.1875,1.4950
0.0000,4.3750,1.4950
0.0000,4.1875,1.5600
0.1250,4.3750,1.4950
0.1250,4.1875,1.5600
0.0000,4.3750,1.5600
0.1250,4.3750,1.5600
Solid
0.1250,4.1875,1.4950
0.2500,4.1875,1.4950
0.1250,4.3750,1.4950
0.1250,4.1875,1.5600
0.2500,4.3750,1.4950
0.2500,4.1875,1.5600
0.1250,4.3750,1.5600
0.2500,4.3750,1.5600
Solid
0.0000,0.0000,1.5600
0.2500,0.0000,1.5600
0.0000,0.1250,1.5600
0.0000,0.0000,1.6250
0.2500,0.1250,1.5600
0.2500,0.0000,1.6250
0.0000,0.1250,1.6250
0.2500,0.1250,1.6250
Solid
0.0000,0.1250,1.5600
0.2500,0.1250,1.5600
0.0000,0.2500,1.5600
0.0000,0.1250,1.6250
0.2500,0.2500,1.5600
0.2500,0.1250,1.6250
0.0000,0.2500,1.6250
0.2500,0.2500,1.6250
Solid
0.0000,4.2500,1.5600
0.2500,4.2500,1.5600
0.0000,4.3750,1.5600
0.0000,4.2500,1.6250
0.2500,4.3750,1.5600
0.2500,4.2500,1.6250
0.0000,4.3750,1.6250
0.2500,4.3750,1.6250
Solid
0.0000,4.1875,1.6250
0.1250,4.1875,1.6250
0.0000,4.3750,1.6250
0.0000,4.1875,1.6900
0.1250,4.3750,1.6250
0.1250,4.1875,1.6900
0.0000,4.3750,1.6900
0.1250,4.3750,1.6900
Solid
0.0000,0.0000,1.6900
0.2500,0.0000,1.6900
0.0000,0.1250,1.6900
0.0000,0.0000,1.7550
0.2500,0.1250,1.6900
0.2500,0.0000,1.7550
0.0000,0.1250,1.7550
0.2500,0.1250,1.7550
Solid
0.0000,4.2500,1.8200
0.2500,4.2500,1.8200
0.0000,4.3750,1.8200
0.0000,4.2500,1.8850
0.2500,4.3750,1.8200
0.2500,4.2500,1.8850
0.0000,4.3750,1.8850
0.2500,4.3750,1.8850
Solid
0.1250,0.0000,1.6250
0.2500,0.0000,1.6250
0.1250,0.1875,1.6250
0.1250,0.0000,1.6900
0.2500,0.1875,1.6250
0.2500,0.0000,1.6900
0.1250,0.1875,1.6900
0.2500,0.1875,1.6900
Solid
0.0000,0.1250,1.6900
0.2500,0.1250,1.6900
0.0000,0.2500,1.6900
0.0000,0.1250,1.7550
0.2500,0.2500,1.6900
0.2500,0.1250,1.7550
0.0000,0.2500,1.7550
0.2500,0.2500,1.7550
Solid
0.0000,0.0000,1.6250
0.1250,0.0000,1.6250
0.0000,0.1875,1.6250
0.0000,0.0000,1.6900
0.1250,0.1875,1.6250
0.1250,0.0000,1.6900
0.0000,0.1875,1.6900
0.1250,0.1875,1.6900
Solid
0.0000,4.1250,2.0800
0.2500,4.1250,2.0800
0.0000,4.2500,2.0800
0.0000,4.1250,2.1450
0.2500,4.2500,2.0800
0.2500,4.1250,2.1450
0.0000,4.2500,2.1450
0.2500,4.2500,2.1450
Solid
0.0000,4.2500,2.0800
0.2500,4.2500,2.0800
0.0000,4.3750,2.0800
0.0000,4.2500,2.1450
0.2500,4.3750,2.0800
0.2500,4.2500,2.1450
0.0000,4.3750,2.1450
0.2500,4.3750,2.1450
Solid
0.0000,4.1250,1.6900
0.2500,4.1250,1.6900
0.0000,4.2500,1.6900
0.0000,4.1250,1.7550
0.2500,4.2500,1.6900
0.2500,4.1250,1.7550
0.0000,4.2500,1.7550
0.2500,4.2500,1.7550
Solid
0.0000,4.2500,1.6900
0.2500,4.2500,1.6900
0.0000,4.3750,1.6900
0.0000,4.2500,1.7550
0.2500,4.3750,1.6900
0.2500,4.2500,1.7550
0.0000,4.3750,1.7550
0.2500,4.3750,1.7550
Solid
0.1250,0.0000,1.7550
0.2500,0.0000,1.7550
0.1250,0.1875,1.7550
0.1250,0.0000,1.8200
0.2500,0.1875,1.7550
0.2500,0.0000,1.8200
0.1250,0.1875,1.8200
0.2500,0.1875,1.8200
Solid
0.0000,0.0000,2.0800
0.2500,0.0000,2.0800
0.0000,0.1250,2.0800
0.0000,0.0000,2.1450
0.2500,0.1250,2.0800
0.2500,0.0000,2.1450
0.0000,0.1250,2.1450
0.2500,0.1250,2.1450
Solid
0.1250,4.1875,1.7550
0.2500,4.1875,1.7550
0.1250,4.3750,1.7550
0.1250,4.1875,1.8200
0.2500,4.3750,1.7550
0.2500,4.1875,1.8200
0.1250,4.3750,1.8200
0.2500,4.3750,1.8200
Solid
0.0000,0.1250,1.8200
0.2500,0.1250,1.8200
0.0000,0.2500,1.8200
0.0000,0.1250,1.8850
0.2500,0.2500,1.8200
0.2500,0.1250,1.8850
0.0000,0.2500,1.8850
0.2500,0.2500,1.8850
Solid
0.0000,4.1875,1.7550
0.1250,4.1875,1.7550
0.0000,4.3750,1.7550
0.0000,4.1875,1.8200
0.1250,4.3750,1.7550
0.1250,4.1875,1.8200
0.0000,4.3750,1.8200
0.1250,4.3750,1.8200
Solid
0.0000,0.0000,1.8200
0.2500,0.0000,1.8200
0.0000,0.1250,1.8200
0.0000,0.0000,1.8850
0.2500,0.1250,1.8200
0.2500,0.0000,1.8850
0.0000,0.1250,1.8850
0.2500,0.1250,1.8850
Solid
0.0000,0.0000,1.7550
0.1250,0.0000,1.7550
0.0000,0.1875,1.7550
0.0000,0.0000,1.8200
0.1250,0.1875,1.7550
0.1250,0.0000,1.8200
0.0000,0.1875,1.8200
0.1250,0.1875,1.8200
Solid
0.0000,4.1250,1.8200
0.2500,4.1250,1.8200
0.0000,4.2500,1.8200
0.0000,4.1250,1.8850
0.2500,4.2500,1.8200
0.2500,4.1250,1.8850
0.0000,4.2500,1.8850
0.2500,4.2500,1.8850
Solid
0.0000,4.1875,1.8850
0.1250,4.1875,1.8850
0.0000,4.3750,1.8850
0.0000,4.1875,1.9500
0.1250,4.3750,1.8850
0.1250,4.1875,1.9500
0.0000,4.3750,1.9500
0.1250,4.3750,1.9500
Solid
0.1250,4.1875,1.8850
0.2500,4.1875,1.8850
0.1250,4.3750,1.8850
0.1250,4.1875,1.9500
0.2500,4.3750,1.8850
0.2500,4.1875,1.9500
0.1250,4.3750,1.9500
0.2500,4.3750,1.9500
Solid
0.1250,0.0000,1.8850
0.2500,0.0000,1.8850
0.1250,0.1875,1.8850
0.1250,0.0000,1.9500
0.2500,0.1875,1.8850
0.2500,0.0000,1.9500
0.1250,0.1875,1.9500
0.2500,0.1875,1.9500
Solid
0.0000,0.0000,1.9500
0.2500,0.0000,1.9500
0.0000,0.1250,1.9500
0.0000,0.0000,2.0150
0.2500,0.1250,1.9500
0.2500,0.0000,2.0150
0.0000,0.1250,2.0150
0.2500,0.1250,2.0150
Solid
0.0000,0.1250,1.9500
0.2500,0.1250,1.9500
0.0000,0.2500,1.9500
0.0000,0.1250,2.0150
0.2500,0.2500,1.9500
0.2500,0.1250,2.0150
0.0000,0.2500,2.0150
0.2500,0.2500,2.0150
Solid
0.0000,4.1250,1.9500
0.2500,4.1250,1.9500
0.0000,4.2500,1.9500
0.0000,4.1250,2.0150
0.2500,4.2500,1.9500
0.2500,4.1250,2.0150
0.0000,4.2500,2.0150
0.2500,4.2500,2.0150
Solid
0.0000,4.2500,1.9500
0.2500,4.2500,1.9500
0.0000,4.3750,1.9500
0.0000,4.2500,2.0150
0.2500,4.3750,1.9500
0.2500,4.2500,2.0150
0.0000,4.3750,2.0150
0.2500,4.3750,2.0150
Solid
0.0000,0.0000,2.0150
0.1250,0.0000,2.0150
0.0000,0.1875,2.0150
0.0000,0.0000,2.0800
0.1250,0.1875,2.0150
0.1250,0.0000,2.0800
0.0000,0.1875,2.0800
0.1250,0.1875,2.0800
Solid
0.1250,0.0000,2.0150
0.2500,0.0000,2.0150
0.1250,0.1875,2.0150
0.1250,0.0000,2.0800
0.2500,0.1875,2.0150
0.2500,0.0000,2.0800
0.1250,0.1875,2.0800
0.2500,0.1875,2.0800
Solid
0.0000,4.1875,2.0150
0.1250,4.1875,2.0150
0.0000,4.3750,2.0150
0.0000,4.1875,2.0800
0.1250,4.3750,2.0150
0.1250,4.1875,2.0800
0.0000,4.3750,2.0800
0.1250,4.3750,2.0800
Solid
0.1250,4.1875,2.0150
0.2500,4.1875,2.0150
0.1250,4.3750,2.0150
0.1250,4.1875,2.0800
0.2500,4.3750,2.0150
0.2500,4.1875,2.0800
0.1250,4.3750,2.0800
0.2500,4.3750,2.0800
Solid
0.0000,0.1250,2.0800
0.2500,0.1250,2.0800
0.0000,0.2500,2.0800
0.0000,0.1250,2.1450
0.2500,0.2500,2.0800
0.2500,0.1250,2.1450
0.0000,0.2500,2.1450
0.2500,0.2500,2.1450
Solid
0.0000,0.0000,2.1450
0.1250,0.0000,2.1450
0.0000,0.1875,2.1450
0.0000,0.0000,2.2100
0.1250,0.1875,2.1450
0.1250,0.0000,2.2100
0.0000,0.1875,2.2100
0.1250,0.1875,2.2100
Solid
0.0000,4.1875,2.1450
0.1250,4.1875,2.1450
0.0000,4.3750,2.1450
0.0000,4.1875,2.2100
0.1250,4.3750,2.1450
0.1250,4.1875,2.2100
0.0000,4.3750,2.2100
0.1250,4.3750,2.2100
Solid
0.1250,0.0000,2.1450
0.2500,0.0000,2.1450
0.1250,0.1875,2.1450
0.1250,0.0000,2.2100
0.2500,0.1875,2.1450
0.2500,0.0000,2.2100
0.1250,0.1875,2.2100
0.2500,0.1875,2.2100
Solid
0.1250,4.1875,2.1450
0.2500,4.1875,2.1450
0.1250,4.3750,2.1450
0.1250,4.1875,2.2100
0.2500,4.3750,2.1450
0.2500,4.1875,2.2100
0.1250,4.3750,2.2100
0.2500,4.3750,2.2100
Solid
0.0000,0.0000,2.2100
0.2500,0.0000,2.2100
0.0000,0.1250,2.2100
0.0000,0.0000,2.2750
0.2500,0.1250,2.2100
0.2500,0.0000,2.2750
0.0000,0.1250,2.2750
0.2500,0.1250,2.2750
Solid
0.0000,4.2500,2.2100
0.2500,4.2500,2.2100
0.0000,4.3750,2.2100
0.0000,4.2500,2.2750
0.2500,4.3750,2.2100
0.2500,4.2500,2.2750
0.0000,4.3750,2.2750
0.2500,4.3750,2.2750
Solid
0.0000,4.1875,2.2750
0.1250,4.1875,2.2750
0.0000,4.3750,2.2750
0.0000,4.1875,2.3400
0.1250,4.3750,2.2750
0.1250,4.1875,2.3400
0.0000,4.3750,2.3400
0.1250,4.3750,2.3400
Solid
0.0000,0.0000,2.2750
0.1250,0.0000,2.2750
0.0000,0.1875,2.2750
0.0000,0.0000,2.3400
0.1250,0.1875,2.2750
0.1250,0.0000,2.3400
0.0000,0.1875,2.3400
0.1250,0.1875,2.3400
Solid
0.1250,0.0000,2.2750
0.2500,0.0000,2.2750
0.1250,0.1875,2.2750
0.1250,0.0000,2.3400
0.2500,0.1875,2.2750
0.2500,0.0000,2.3400
0.1250,0.1875,2.3400
0.2500,0.1875,2.3400
Solid
0.0000,0.0000,0.2600
0.2500,0.0000,0.2600
0.0000,0.1250,0.2600
0.0000,0.0000,0.3250
0.2500,0.1250,0.2600
0.2500,0.0000,0.3250
0.0000,0.1250,0.3250
0.2500,0.1250,0.3250
Solid
0.0000,0.1250,0.2600
0.2500,0.1250,0.2600
0.0000,0.2500,0.2600
0.0000,0.1250,0.3250
0.2500,0.2500,0.2600
0.2500,0.1250,0.3250
0.0000,0.2500,0.3250
0.2500,0.2500,0.3250
Solid
0.1250,0.0000,0.1950
0.2500,0.0000,0.1950
0.1250,0.1875,0.1950
0.1250,0.0000,0.2600
0.2500,0.1875,0.1950
0.2500,0.0000,0.2600
0.1250,0.1875,0.2600
0.2500,0.1875,0.2600
Solid
0.1250,4.1875,0.1950
0.2500,4.1875,0.1950
0.1250,4.3750,0.1950
0.1250,4.1875,0.2600
0.2500,4.3750,0.1950
0.2500,4.1875,0.2600
0.1250,4.3750,0.2600
0.2500,4.3750,0.2600
Solid
0.0000,0.0000,0.1950
0.1250,0.0000,0.1950
0.0000,0.1875,0.1950
0.0000,0.0000,0.2600
0.1250,0.1875,0.1950
0.1250,0.0000,0.2600
0.0000,0.1875,0.2600
0.1250,0.1875,0.2600
Solid
0.0000,4.1875,0.1950
0.1250,4.1875,0.1950
0.0000,4.3750,0.1950
0.0000,4.1875,0.2600
0.1250,4.3750,0.1950
0.1250,4.1875,0.2600
0.0000,4.3750,0.2600
0.1250,4.3750,0.2600
Solid
0.0000,0.0000,0.0650
0.1250,0.0000,0.0650
0.0000,0.1875,0.0650
0.0000,0.0000,0.1300
0.1250,0.1875,0.0650
0.1250,0.0000,0.1300
0.0000,0.1875,0.1300
0.1250,0.1875,0.1300
Solid
0.1250,4.1875,0.0650
0.2500,4.1875,0.0650
0.1250,4.3750,0.0650
0.1250,4.1875,0.1300
0.2500,4.3750,0.0650
0.2500,4.1875,0.1300
0.1250,4.3750,0.1300
0.2500,4.3750,0.1300
Solid
0.0000,4.1875,0.0650
0.1250,4.1875,0.0650
0.0000,4.3750,0.0650
0.0000,4.1875,0.1300
0.1250,4.3750,0.0650
0.1250,4.1875,0.1300
0.0000,4.3750,0.1300
0.1250,4.3750,0.1300
Solid
0.0000,0.1250,0.1300
0.2500,0.1250,0.1300
0.0000,0.2500,0.1300
0.0000,0.1250,0.1950
0.2500,0.2500,0.1300
0.2500,0.1250,0.1950
0.0000,0.2500,0.1950
0.2500,0.2500,0.1950
Solid
0.1250,0.0000,0.0650
0.2500,0.0000,0.0650
0.1250,0.1875,0.0650
0.1250,0.0000,0.1300
0.2500,0.1875,0.0650
0.2500,0.0000,0.1300
0.1250,0.1875,0.1300
0.2500,0.1875,0.1300
Solid
0.0000,0.0000,0.1300
0.2500,0.0000,0.1300
0.0000,0.1250,0.1300
0.0000,0.0000,0.1950
0.2500,0.1250,0.1300
0.2500,0.0000,0.1950
0.0000,0.1250,0.1950
0.2500,0.1250,0.1950
Solid
0.0000,4.2500,0.1300
0.2500,4.2500,0.1300
0.0000,4.3750,0.1300
0.0000,4.2500,0.1950
0.2500,4.3750,0.1300
0.2500,4.2500,0.1950
0.0000,4.3750,0.1950
0.2500,4.3750,0.1950
Solid
0.0000,4.1250,0.1300
0.2500,4.1250,0.1300
0.0000,4.2500,0.1300
0.0000,4.1250,0.1950
0.2500,4.2500,0.1300
0.2500,4.1250,0.1950
0.0000,4.2500,0.1950
0.2500,4.2500,0.1950
